[0.5,(533,667,667),(733,200,133),(475,549,624),(533,200,267),(867,800,333),(835,749,169),(388,145,192)]
f1
        6445544                6445544                6445544                6445544                6445544                6445544                6445544
        6445544                6445544                6445544                6445544                6445544                6445544                6445544
        7667766                7667766                7667766                7667766                7667766                7667766                7667766




121212121212121212121212121212121212121212121212121212121212121212121212121212121212121212121212121212121212121212121212121212121212121212121212121212121212121212121212
232323232323232323232323232323232323232323232323232323232323232323232323232323232323232323232323232323232323232323232323232323232323232323232323232323232323232323232323
f2
