(60,8,8)
#
01234567
12345670
23456701
34567012
45670123
56701234
67012345
70123456
#
12345670
23456701
34567012
45670123
56701234
67012345
70123456
01234567
#
23456701
34567012
45670123
56701234
67012345
70123456
01234567
12345670
#
34567012
45670123
56701234
67012345
70123456
01234567
12345670
23456701
#
45670123
56701234
67012345
70123456
01234567
12345670
23456701
34567012
#
56701234
67012345
70123456
01234567
12345670
23456701
34567012
45670123
#
67012345
70123456
01234567
12345670
23456701
34567012
45670123
56701234
#
70123456
01234567
12345670
23456701
34567012
45670123
56701234
67012345