[0.25,(1000,800,0),(800,400,100),(400,200,200),(10,60,100),(100,40,40),(60,0,0),(15,0,25)]
f0
         44  44  44  44
7666666651 451 451 451 4
7766666651 451 451 451 4
77766666655  55  55  55
777766666666666666666666
77777766666666666666666
777777777666666666666
77777777777777666666
7777777777777777777
777777777777777777
f1

          2   2   2   2
          2   2   2   2
f2

         3   3   3   3
         3   3   3   3
f3

         2   2   2   2
         2   2   2   2
f4

          1   1   1   1
          1   1   1   1
f5
