[0.125,(200,200,200),(800,600,0),(180,180,180),(160,160,160),(140,140,140),(120,120,120),(100,100,100)]
f1

 22          
 22          
 00          
 00  3113  
    311113 
    111111  
    111111  
    311113  
     3113



f2

 0022
 0022

     4334
    433334
    333333
    333333
    433334
     4334
f3

   0022
   0022

     5445
    544445
    444444
    444444
    544445
     5445
f4

     0022
     0022

     6556
    655556
    555555
    555555
    655556
     6556
f5

       0022
       0022

     7667
    766667
    666666
    666666
    766667
     7667
f6

         0022
         0022

      77
     7777
    777777
    777777
     7777
      77
f7

           00
           00
           22
     7667  22
    766667
    666666
    666666
    766667
     7667
f8



           00
     6556  00
    655556 22
    555555 22
    555555
    655556
     6556
f9




     5445
    544445 00
    444444 00
    444444 22
    544445 22
     5445
f10




     4334
    433334
    333333 
    333333 00
    433334 00
     4334  22
           22
f11




     3113
    311113
    111111
    111111
    311113
     3113  00
           00
           22
           22
f12




     4334
    433334
    333333
    333333
    433334
     4334

         2200
         2200
f13




     5445
    544445
    444444
    444444
    544445
     5445

       2200
       2200
f14




     6556
    655556
    555555
    555555
    655556
     6556

     2200
     2200
f15




     7667
    766667
    666666
    666666
    766667
     7667

   2200
   2200
f16




      77
     7777
    777777
    777777
     7777
      77
 
 2200
 2200
f17




     7667
    766667
    666666
    666666
    766667
 22  7667
 22
 00
 00
f18




     6556
    655556
    555555
 22 555555
 22 655556
 00  6556
 00
f19




     5445
 22 544445
 22 444444
 00 444444
 00 544445
     5445
f20



 22
 22  4334
 00 433334
 00 333333
    333333
    433334
     4334
f21
