[(0.125,1),(120,0,40),(800,300,300),(1000,1000,0),(80,0,0),(160,0,20)]
f0
 0                 2  11111111111111111111  2                 0
1111111111111111111111112222222222222222111111111111111111111111
                      11111111111111111111
f1
          2                                          2
444      444      444   3333        2222   444      444      444
f2
 2                 0                        0                 2
    5555     5555       2222  3333             5555     5555
f3
          0                                          0
 1        1        1          2222  3333    1        1        1
f4
