[0,(30,30,30),(1000,1000,0),(1000,500,0)]
f1
111 111 111 111 111 111 111
121 1 1 1 1 1 1 1 1 1 1 1 1
111 111 111 111 111 111 111

111 111 111 111 111 111 111
1 1 1 1 1 1 1 1 1 1 1 1 1 1
111 111 111 111 111 111 111

111 111 111 111 111 111 111
1 1 1 1 1 1 1 1 1 1 1 1 1 1
111 111 111 111 111 111 111

111 111 111 111 111 111 111
1 1 1 1 1 1 1 1 1 1 1 1 1 1
111 111 111 111 111 111 111

111 111 111 111 111 111 111
1 1 1 1 1 1 1 1 1 1 101 131
111 111 111 111 111 111 111
f2

 3   2


 












                         0
f3

 0   3   2
f4

     0   3   2
f5

         0   3   2
f6

             0   3   2
f7

                 0   3   2
f8

                     0   3



                         2
f9

                         0



                     2   3
f10





                 2   3   0
f11





             2   3   0
f12





         2   3   0
f13





     2   3   0
f14





 2   3   0
f15





 3   0



 2
f16





 0



 3   2
f17





 



 0   3   2
f18





 



     0   3   2
f19





 



         0   3   2
f20





 



             0   3   2
f21





 



                 0   3   2
f22





 



                     0   3



                         2
f23





 



                         0



                     2   3
f24





 







                 2   3   0
f25





 







             2   3   0
f26













         2   3   0
f27



 









     2   3   0
f28




 








 2   3   0
f29




 








 3   0



 2
f30




 








 0



 3   2
f31




 












 0   3   2
f33




 












     0   3   2
f34




 












         0   3   2
f35




 












             0   3   2
f36




 












                 0   3   2
f37
