[0.0625,(78,16,0),(157,31,0),(235,47,0),(314,63,0),(392,78,0),(471,94,0),(549,110,0)]
f0
11111111111111111111
11111111111111111111
11111111111111111111
11111111111111111111
11111111111111111111
11111111111111111111
11111111111111111111
11111111111111111111
11111111111111111111
11111111111111111111
11111111111111111111
11111111111111111111
11111111111111111111
11111111111111111111
11111111111111111111
11111111111111111111
11111111111111111111
11111111111111111111
11111111111111111111
11111111111111111111
f1
22222222222222222222
22222222222222222222
22222222222222222222
22222222222222222222
22222222222222222222
22222222222222222222
22222222222222222222
22222222222222222222
22222222222222222222
22222222222222222222
22222222222222222222
22222222222222222222
22222222222222222222
22222222222222222222
22222222222222222222
22222222222222222222
22222222222222222222
22222222222222222222
22222222222222222222
22222222222222222222
f2
33333333333333333333
33333333333333333333
33333333333333333333
33333333333333333333
33333333333333333333
33333333333333333333
33333333333333333333
33333333333333333333
33333333333333333333
33333333333333333333
33333333333333333333
33333333333333333333
33333333333333333333
33333333333333333333
33333333333333333333
33333333333333333333
33333333333333333333
33333333333333333333
33333333333333333333
33333333333333333333
f3
44444444444444444444
44444444444444444444
44444444444444444444
44444444444444444444
44444444444444444444
44444444444444444444
44444444444444444444
44444444444444444444
44444444444444444444
44444444444444444444
44444444444444444444
44444444444444444444
44444444444444444444
44444444444444444444
44444444444444444444
44444444444444444444
44444444444444444444
44444444444444444444
44444444444444444444
44444444444444444444
f4
55555555555555555555
55555555555555555555
55555555555555555555
55555555555555555555
55555555555555555555
55555555555555555555
55555555555555555555
55555555555555555555
55555555555555555555
55555555555555555555
55555555555555555555
55555555555555555555
55555555555555555555
55555555555555555555
55555555555555555555
55555555555555555555
55555555555555555555
55555555555555555555
55555555555555555555
55555555555555555555
f5
66666666666666666666
66666666666666666666
66666666666666666666
66666666666666666666
66666666666666666666
66666666666666666666
66666666666666666666
66666666666666666666
66666666666666666666
66666666666666666666
66666666666666666666
66666666666666666666
66666666666666666666
66666666666666666666
66666666666666666666
66666666666666666666
66666666666666666666
66666666666666666666
66666666666666666666
66666666666666666666
f6
77777777777777777777
77777777777777777777
77777777777777777777
77777777777777777777
77777777777777777777
77777777777777777777
77777777777777777777
77777777777777777777
77777777777777777777
77777777777777777777
77777777777777777777
77777777777777777777
77777777777777777777
77777777777777777777
77777777777777777777
77777777777777777777
77777777777777777777
77777777777777777777
77777777777777777777
77777777777777777777
f7
66666666666666666666
66666666666666666666
66777777777777777766
66777777777777777766
66777777777777777766
66777777777777777766
66777777777777777766
66777777777777777766
66777777777777777766
66777777777777777766
66777777777777777766
66777777777777777766
66777777777777777766
66777777777777777766
66777777777777777766
66777777777777777766
66777777777777777766
66777777777777777766
66666666666666666666
66666666666666666666
f8
55555555555555555555
55555555555555555555
55666666666666666655
55666666666666666655
55667777777777776655
55667777777777776655
55667777777777776655
55667777777777776655
55667777777777776655
55667777777777776655
55667777777777776655
55667777777777776655
55667777777777776655
55667777777777776655
55667777777777776655
55667777777777776655
55666666666666666655
55666666666666666655
55555555555555555555
55555555555555555555
f9
44444444444444444444
44444444444444444444
44555555555555555544
44555555555555555544
44556666666666665544
44556666666666665544
44556677777777665544
44556677777777665544
44556677777777665544
44556677777777665544
44556677777777665544
44556677777777665544
44556677777777665544
44556677777777665544
44556666666666665544
44556666666666665544
44555555555555555544
44555555555555555544
44444444444444444444
44444444444444444444
f10
33333333333333333333
33333333333333333333
33444444444444444433
33444444444444444433
33445555555555554433
33445555555555554433
33445566666666554433
33445566666666554433
33445566777766554433
33445566777766554433
33445566777766554433
33445566777766554433
33445566666666554433
33445566666666554433
33445555555555554433
33445555555555554433
33444444444444444433
33444444444444444433
33333333333333333333
33333333333333333333
f11
22222222222222222222
22222222222222222222
22333333333333333322
22333333333333333322
22334444444444443322
22334444444444443322
22334455555555443322
22334455555555443322
22334455666655443322
22334455666655443322
22334455666655443322
22334455666655443322
22334455555555443322
22334455555555443322
22334444444444443322
22334444444444443322
22333333333333333322
22333333333333333322
22222222222222222222
22222222222222222222
f12
11111111111111111111
11111111111111111111
11222222222222222211
11222222222222222211
11223333333333332211
11223333333333332211
11223344444444332211
11223344444444332211
11223344555544332211
11223344555544332211
11223344555544332211
11223344555544332211
11223344444444332211
11223344444444332211
11223333333333332211
11223333333333332211
11222222222222222211
11222222222222222211
11111111111111111111
11111111111111111111
f13
00000000000000000000
00000000000000000000
00111111111111111100
00111111111111111100
00112222222222221100
00112222222222221100
00112233333333221100
00112233333333221100
00112233444433221100
00112233444433221100
00112233444433221100
00112233444433221100
00112233333333221100
00112233333333221100
00112222222222221100
00112222222222221100
00111111111111111100
00111111111111111100
00000000000000000000
00000000000000000000
f14


  0000000000000000
  0000000000000000
  0011111111111100
  0011111111111100
  0011222222221100
  0011222222221100
  0011223333221100
  0011223333221100
  0011223333221100
  0011223333221100
  0011222222221100
  0011222222221100
  0011111111111100
  0011111111111100
  0000000000000000
  0000000000000000
f15




    000000000000
    000000000000
    001111111100
    001111111100
    001122221100
    001122221100
    001122221100
    001122221100
    001111111100
    001111111100
    000000000000
    000000000000
f16






      00000000
      00000000
      00111100
      00111100
      00111100
      00111100
      00000000
      00000000
f17








        0000
        0000
        0000
        0000
f18
