[0.02,(1000,1000,1000),(858,858,858),(716,716,716),(600,600,600),(532,532,532),(490,490,490),(440,440,440)]
f0
1234567
1234567
1234567
1234567
1234567
1234567
1234567
f1
2123456
2123456
2123456
2123456
2123456
2123456
2123456
f3
3212345
3212345
3212345
3212345
3212345
3212345
3212345
f4
4321234
4321234
4321234
4321234
4321234
4321234
4321234
f5
5432123
5432123
5432123
5432123
5432123
5432123
5432123
f6
6543212
6543212
6543212
6543212
6543212
6543212
6543212
f7
7654321
7654321
7654321
7654321
7654321
7654321
7654321
f8
6765432
6765432
6765432
6765432
6765432
6765432
6765432
f9
5676543
5676543
5676543
5676543
5676543
5676543
5676543
f10
4567654
4567654
4567654
4567654
4567654
4567654
4567654
f11
3456765
3456765
3456765
3456765
3456765
3456765
3456765
f12
2345676
2345676
2345676
2345676
2345676
2345676
2345676
f13
